384.77
175.53
406.36
120.65
406.36
128.91
406.36
225.12
225.12
234.20
179.06
128.91
204.58
406.91
204.58
406.36
430.86
320.12
364.51
464.07
356.17
128.91
225.12
204.58
406.91
225.12
225.12
234.20
195.14
364.51
325.56
325.56
325.56
195.14
204.58
204.58
356.17
128.91
464.07
325.56
128.91
195.14
204.58
366.87
128.91
128.91
430.86
179.06
366.87
234.20
430.86
366.87
175.53
430.86
366.87
356.17
430.86
325.56
128.91
406.91
128.91
234.20
234.20
179.06
430.86
320.12
325.56
464.07
430.86
430.86
234.20
426.22
128.91
406.36
234.20
464.07
158.35
356.17
325.56
204.58
234.20
234.20
234.20
158.35
359.10
430.86
195.14
234.20
179.06
234.20
195.14
325.56
464.07
179.06
325.56
366.87
437.40
225.12
366.87
325.56
800.30
1465.72
883.11
1676.79
1216.36
624.04
511.23
1465.26
883.11
1485.59
845.35
1562.23
1492.08
1785.53
1608.60
1443.96
718.30
845.35
1368.94
845.35
1777.14
1785.53
1031.34
1202.46
845.35
1661.61
800.30
883.11
639.73
905.79
1465.72
1045.96
1164.20
947.72
1399.39
788.62
1116.80
1465.26
1477.12
869.00
621.12
1045.96
1045.96
947.72
765.13
1231.67
1623.81
1547.50
947.72
1465.72
947.72
1649.42
1045.96
1468.01
1454.05
483.34
1375.88
1282.84
788.62
845.35
1368.94
594.93
1216.36
1019.85
1465.72
1468.46
883.11
883.11
1676.79
464.68
742.25
947.72
883.11
1312.16
1485.59
1468.46
511.23
883.11
801.73
483.34
1468.01
1485.59
483.34
1676.79
991.49
1156.55
845.35
947.72
483.34
1468.01
1588.80
1288.31
869.00
538.36
464.68
1216.36
1063.46
686.54
686.54
935.38
1894.85
1623.73
1351.69
1085.40
1557.20
1925.32
1152.99
1085.40
1260.96
1780.07
1560.78
1371.86
1553.21
1110.60
1589.75
1755.18
1558.12
1155.05
1987.39
1780.07
993.55
1179.09
1879.09
1823.47
1632.10
1479.01
1429.72
1902.37
924.65
1649.04
616.24
1633.26
1152.99
1593.24
1084.79
1694.37
1113.16
1662.92
1806.06
1539.77
1179.09
1539.77
794.70
1639.12
1710.72
2098.07
1987.39
1787.57
1559.59
1752.72
1171.54
1175.65
2098.07
1623.73
1883.49
1110.60
1522.60
738.92
1663.58
1179.09
1454.47
1770.37
1921.09
1408.25
1558.12
1755.18
1793.07
1189.47
1487.93
1872.81
1587.21
1918.46
1633.26
1222.60
971.31
990.84
1953.03
1429.72
1662.92
837.36
2159.33
1084.79
1505.19
2159.33
1558.12
1950.30
1778.65
1235.69
1685.92
1260.96
2030.76
1826.08
2159.33
2024.20
1152.99
1461.33
831.96
1844.58
1624.87
1615.13
1578.97
897.78
1328.85
813.95
1435.96
905.79
1081.05
1549.54
1416.98
1483.06
1237.62
1353.87
1048.28
1328.85
1416.98
703.45
1012.00
644.12
1165.44
1081.05
1961.96
947.72
751.16
1364.54
1513.28
1081.05
1313.95
1561.41
1370.31
848.42
624.78
640.56
640.56
2279.82
1361.30
779.68
748.57
640.56
901.36
1119.17
875.39
1063.46
1144.41
1276.06
971.31
1166.93
1324.64
640.56
1237.62
1202.46
1826.93
1116.31
650.68
1202.46
625.15
779.66
1353.87
1361.30
625.15
779.66
748.57
1165.44
1803.97
1361.30
752.69
1722.49
1499.68
866.07
779.66
1222.41
1116.62
1165.44
1361.30
1416.98
1361.30
1164.20
1353.87
625.15
779.66
1114.90
779.68
927.98
1328.85
500.92
1116.31
640.56
2279.82
539.36
755.30
1468.46
671.06
901.36
658.14
1416.98
1826.93
1120.10
1478.93
795.80
901.36
1559.83
924.65
755.30
847.33
916.02
564.16
406.36
1154.77
872.19
522.58
1235.69
671.06
1237.62
794.70
971.31
751.58
666.59
1077.12
546.04
1276.06
290.36
1139.94
406.36
788.62
802.95
600.23
883.11
1276.06
564.16
406.91
1249.66
384.77
779.66
628.40
1097.95
664.43
1429.72
1133.45
848.42
794.70
1048.28
1084.79
837.36
667.85
636.51
482.65
1110.60
624.78
483.34
1154.77
779.66
282.89
332.06
332.06
707.88
1144.41
667.85
1166.93
785.59
616.27
737.28
795.80
693.36
755.30
448.34
1251.14
448.34
848.42
1165.44
1144.41
361.66
875.39
731.28
1237.62
969.85
671.06
787.42
1237.62
960.47
785.59
363.02
667.85
624.78
332.06
363.02
636.02
650.68
1237.62
962.14
779.66
960.47
636.19
625.15
162.18
764.64
355.57
363.02
1237.62
648.53
785.59
787.42
1166.93
962.14
752.69
331.74
1166.93
331.74
787.42
625.15
962.14
624.78
755.30
779.66
625.15
616.27
331.74
1166.93
804.96
1251.14
1166.93
616.27
960.47
785.59
1251.14
616.27
636.51
448.34
624.78
737.28
785.59
363.02
625.15
1166.93
737.28
650.68
332.06
737.28
960.47
332.06
960.47
625.15
737.28
1048.28
648.53
255.57
448.34
162.18
1251.14
960.47
363.02
787.42
1500.09
1109.32
1309.85
1374.90
1312.16
464.68
616.24
718.71
1109.32
1478.11
751.58
1443.96
990.84
718.71
1500.09
794.70
845.35
666.59
1154.77
1271.52
648.57
574.10
807.48
1560.78
1309.85
794.70
1499.24
686.23
1389.11
594.93
482.65
1168.72
666.59
666.59
794.70
1500.09
1271.52
835.08
1116.80
1305.54
1499.24
847.33
1077.35
1522.60
794.70
1478.11
1443.96
1168.72
483.34
1312.16
1479.01
600.23
1560.78
1454.05
666.59
1500.09
807.48
574.10
845.35
1500.09
835.08
628.40
1312.16
1515.54
1438.52
718.71
1116.80
1312.16
1453.25
538.36
1560.78
464.68
1454.05
573.58
830.45
1485.59
1389.11
600.23
1453.25
1050.25
483.34
648.57
751.58
1452.17
990.84
718.71
1500.09
1454.05
880.41
1452.17
574.10
628.40
600.23
1154.77
1154.77
1156.55
648.57
1271.52
1443.96
845.35
1809.91
2279.82
1987.39
1785.47
1807.42
2143.74
1987.39
2072.18
2014.72
2119.83
1852.47
1862.45
1780.65
1862.45
1849.58
1987.39
1694.37
1987.39
1720.21
2214.64
1737.86
1780.65
2279.82
1971.23
1987.39
1776.48
1871.76
2073.13
1718.76
2014.72
1727.10
1964.86
1862.45
1862.45
2014.72
1694.37
1897.87
2159.33
1894.85
1817.77
1765.79
2159.33
1862.45
1771.80
1771.80
2159.33
1851.70
1694.37
2248.12
2047.06
1803.97
2214.64
1776.48
2032.23
2143.74
1849.58
1971.23
2214.64
1776.48
1776.48
1776.48
1897.87
1807.42
2024.20
1971.23
1857.04
1862.45
1803.97
2248.12
1944.62
2164.15
2279.82
1720.21
1862.45
1849.58
2047.06
1851.70
2132.85
2024.20
1776.48
2024.20
1871.76
1589.75
1894.85
2016.46
2004.34
1852.47
1871.76
1776.48
2014.72
1788.75
1862.45
2159.33
1847.26
1987.39
1694.37
1852.47
2014.72
1788.75
1849.58
1295.34
1209.08
848.89
1809.83
1435.34
667.98
1277.26
1344.18
535.67
1113.16
2143.74
1515.99
1815.02
1745.18
1577.55
1837.25
1632.61
1718.79
1662.88
1314.30
1411.95
2162.03
1806.06
1915.79
1281.64
1374.90
1608.55
835.08
1881.36
1403.48
1662.88
1603.89
1797.14
1092.94
1501.24
2159.33
601.81
2015.18
1707.38
380.88
2159.33
2030.76
1033.44
764.24
1295.34
1649.04
1889.71
667.98
1589.65
1439.17
1506.38
1453.25
1113.16
2159.33
1542.40
1033.44
1429.72
1972.88
1261.41
1842.24
1306.91
1152.99
737.28
158.35
1336.74
1302.97
1235.69
1987.44
1295.34
830.45
1696.86
1372.83
1361.30
384.77
1561.20
1612.43
1351.69
1739.49
636.51
1779.92
1110.00
848.89
1476.03
1871.76
636.19
1419.34
1478.11
1555.48
927.98
1662.88
2248.12
866.07
1120.10
1313.53
1577.55
1645.06
1889.87
1273.45
1013.78
1282.84
1287.00
1778.65
1558.12
1745.09
1839.47
1788.75
1775.03
1788.75
1295.34
1746.74
1550.55
1229.87
1170.54
1522.45
1412.13
1249.66
1455.85
1423.86
1371.86
1695.08
879.65
1663.58
1826.08
1164.20
1269.10
2159.33
1170.54
1676.48
1623.81
1915.79
516.69
1468.46
1342.39
1092.94
648.53
1450.67
1237.62
1209.08
1747.22
1273.45
1048.28
1339.93
875.39
1915.79
1116.62
2013.21
1967.87
1090.31
799.12
1761.68
1603.60
1632.61
1797.14
2159.33
1600.42
742.25
1682.33
636.51
765.13
2007.62
1745.09
789.01
707.88
1345.66
1593.24
1183.74
794.70
1785.53
1662.92
2030.76
1862.13
1885.87
935.38
1827.44
1302.97
1447.95
1640.78
1905.50
1742.34
1649.49
990.84
1775.03
1878.06
1569.37
1624.11
1458.63
546.04
1183.16
795.80
1434.42
1951.77
2030.76
1361.30
1452.17
1222.60
1525.26
1649.49
1847.26
1338.30
1568.41
1436.66
1447.95
1828.37
1550.04
1164.20
1674.09
1342.39
1490.96
1606.76
1951.77
1522.45
1663.58
1673.89
1523.26
1615.13
2162.13
1968.40
1894.85
1577.55
990.84
1116.80
2239.35
1862.45
2159.33
1394.55
1603.60
992.40
431.17
1419.48
1634.13
1206.95
1033.44
1120.10
1720.21
1979.83
1682.10
1827.44
1837.25
2124.16
1770.37
1623.81
1691.68
1918.46
1468.01
2065.16
1688.90
1339.93
1776.48
1779.08
1858.36
509.52
647.00
1879.09
1593.12
1755.18
1899.69
1608.55
1987.44
1542.40
1988.56
1394.38
1831.92
835.08
1502.02
1699.56
1739.49
1238.04
1522.45
873.97
1870.43
1661.61
710.25
1603.89
1776.62
949.04
1175.65
1649.04
1759.33
1705.90
511.23
866.05
628.40
1013.78
1531.20
1421.07
718.71
1817.77
1022.81
1067.81
1718.76
1561.20
1050.25
1745.09
1193.72
1045.96
1560.78
616.24
1408.25
1215.96
1710.98
794.70
1394.38
1048.28
1894.16
1466.95
1432.75
1780.07
1702.81
695.66
2079.14
1705.90
1152.99
1170.54
1705.27
1624.11
1163.10
1710.72
1703.02
1589.65
1624.01
1450.67
1761.68
866.07
1388.05
1345.66
1612.43
1189.47
1612.43
1915.79
879.65
1468.19
1292.77
1809.91
1673.70
1215.96
636.19
1215.96
1837.25
1625.46
992.40
1913.87
1485.59
1260.96
1987.39
1468.19
1456.34
625.15
1152.99
1715.29
1579.73
916.02
927.98
1842.10
1119.17
1292.93
1752.03
1587.21
1499.24
847.33
1989.13
1351.69
1761.68
1718.79
1573.12
1501.10
1501.24
2098.07
835.08
1755.18
1496.46
1661.61
1384.78
1791.69
755.30
1705.27
1353.87
1917.57
1903.76
1501.24
1671.23
1547.50
1759.33
1590.82
990.84
969.85
1273.45
1125.36
1449.26
1793.52
2159.33
1539.47
1116.56
1110.00
1282.84
1539.10
1023.65
2016.46
1807.67
1770.37
1269.10
1600.42
1662.92
303.94
2337.73
1372.83
1600.42
1568.41
1826.93
1977.89
1063.46
666.59
1183.74
648.57
1745.18
1718.76
1871.27
406.91
1403.60
1722.49
1560.78
1593.24
1458.63
1179.09
1718.71
1152.99
1633.26
1761.68
1543.17
1889.90
1643.68
949.04
1558.12
624.04
1556.68
1797.14
1915.79
883.11
1522.45
1033.44
981.72
1798.47
874.99
1673.70
1755.18
1589.65
1951.77
1968.40
1468.19
1113.16
1260.96
1745.09
1168.72
1661.61
1827.44
648.53
1092.94
1516.68
966.26
1775.03
1309.85
1880.76
616.27
1815.02
1485.69
1839.47
1798.47
221.23
805.12
1701.23
624.78
1033.44
1543.17
1515.99
1765.67
1342.39
1872.44
1354.00
1757.81
703.45
1577.55
1561.20
1183.74
1436.66
1606.63
1755.18
572.73
1170.54
788.62
1466.95
1557.94
1110.55
1516.68
866.05
1045.96
1235.69
1638.66
1871.27
1879.09
1862.45
1387.17
2024.20
1720.21
1030.13
1228.94
788.53
1058.50
1489.99
1114.90
1775.03
1797.14
1489.99
686.54
1579.73
1267.98
1785.53
1745.09
1847.84
1149.07
1809.91
883.11
1501.24
1273.45
879.65
1915.79
1386.33
1586.22
1724.42
924.65
1215.96
1502.02
600.23
1624.68
1372.83
913.29
1950.30
1518.93
2143.74
1209.08
494.63
1017.64
1491.90
1778.65
1817.77
1701.23
1360.76
1516.68
1705.24
1628.60
1447.95
1422.12
1881.36
1372.83
1556.68
1447.95
1625.46
1819.41
1753.84
1797.14
1273.45
1183.16
1203.93
1438.52
1603.89
1017.64
2079.14
1624.58
779.68
1483.33
2016.46
1459.63
1113.16
966.26
1459.63
1248.46
949.04
1342.39
866.07
1374.90
1198.24
1273.45
1580.95
1005.67
1120.10
1113.16
1237.62
1459.63
1556.70
718.30
1676.79
1206.95
667.85
1256.92
962.14
1423.86
1048.28
1589.65
1171.54
1305.54
1256.92
1696.72
1152.99
1637.65
1209.08
1682.10
1905.50
2159.33
1702.81
1396.28
625.15
1721.56
1718.76
1468.19
1416.98
1674.09
1788.75
1489.99
1459.63
1443.96
1114.90
2143.74
1809.83
2013.21
1023.65
1305.54
1215.96
1673.70
1458.63
448.34
1775.03
1454.05
1745.18
1362.39
866.76
1555.48
1710.98
1372.83
1842.10
1557.20
1478.31
949.04
1531.20
2197.33
1371.86
1432.75
2013.21
1676.79
1539.47
1839.05
1489.99
1515.99
1515.54
1451.85
1579.73
2030.76
848.89
779.68
2000.42
1459.63
1267.98
380.88
1313.53
794.70
935.38
1839.05
962.14
1519.98
1691.38
1755.05
1271.52
1873.19
1516.68
1396.28
1633.26
1815.02
1561.20
1629.92
1624.11
1550.55
891.90
1639.12
1539.47
1144.41
1485.05
1659.50
1588.80
1206.95
1632.61
1607.34
1691.68
1746.74
1152.04
2000.39
1515.99
1779.12
897.78
2214.64
1559.83
1906.35
1412.13
1067.81
1953.03
1705.90
1561.20
866.05
1353.87
1833.27
1649.42
1624.87
1360.76
540.97
1603.60
628.40
1302.97
1366.61
2143.74
1273.45
1374.91
1710.72
897.26
640.56
1215.96
1585.02
1439.17
1557.20
924.65
1081.05
1499.24
1478.93
1436.66
1412.13
1844.58
1600.42
1220.35
693.36
1577.55
1755.18
1631.49
1439.17
1489.99
667.98
1510.57
1017.64
866.07
1295.34
1696.86
1638.66
1849.58
1189.47
1673.70
703.45
1673.70
1839.05
511.23
1837.25
1171.54
2098.07
801.73
666.59
1489.99
1110.60
1792.31
1389.11
1843.97
1547.50
1477.12
1556.70
1209.08
837.36
1740.85
1761.68
543.56
1228.94
742.25
1081.05
872.19
1531.20
1480.87
1561.20
2279.82
682.22
483.34
448.34
1573.12
1022.81
1642.15
981.72
2097.69
1638.66
255.57
1519.98
1269.10
593.83
1171.54
1422.12
847.33
1724.42
1798.47
1827.44
788.53
290.36
1515.54
1295.14
1351.69
1560.78
1171.68
1691.15
406.91
764.24
1665.23
1599.27
686.54
1013.78
1144.41
1485.05
1453.25
1423.86
1724.42
221.23
1349.04
802.95
1483.33
1553.21
1746.74
1673.70
1490.96
1847.08
1386.33
1951.77
1220.35
1572.91
866.76
1483.06
1292.77
990.84
1558.09
1705.24
1624.01
1745.09
1510.57
1659.50
1507.04
1170.54
1364.54
1202.46
874.99
1796.70
1682.10
1525.26
1516.68
2337.73
1921.16
1873.94
494.63
1260.96
1237.71
1846.41
1514.40
897.78
1432.79
962.14
1883.49
1755.18
2248.12
1605.84
1573.12
1033.44
1899.69
1710.98
573.58
1238.04
913.29
1354.00
1501.24
1459.63
1585.02
1639.12
1444.13
902.09
1412.13
1110.55
1522.45
1631.49
795.80
1656.28
1519.98
1154.77
624.78
869.00
1353.77
960.47
1539.10
1085.40
1961.96
1710.72
636.51
1502.02
1531.20
1215.96
1125.36
1264.53
1960.92
1522.45
1847.08
2097.69
2015.18
1496.46
1394.55
1295.14
1485.05
1459.63
1739.49
1796.70
589.11
1803.97
1872.81
1862.13
1800.86
1349.04
1346.14
1119.17
1110.55
1755.18
883.11
359.10
693.36
594.93
1175.65
1110.60
895.14
715.19
1203.93
1351.69
1353.87
704.94
924.90
2279.82
913.29
1716.13
1839.05
1625.53
1739.49
380.88
1483.58
1545.67
1166.93
1375.88
1500.28
1206.95
2000.39
1412.13
1562.23
710.15
1846.41
1206.95
2000.42
1203.93
1416.33
1276.06
1755.18
764.24
1438.52
290.36
1466.95
1665.23
1900.18
667.85
1747.22
1166.93
1033.44
990.84
1260.96
1765.67
1421.07
1607.34
1478.31
950.24
789.01
1120.10
1977.89
1915.79
1113.16
2072.18
1819.41
1590.82
1045.96
1603.89
1536.60
718.71
1671.23
1062.52
1600.42
1265.57
1429.72
1710.72
1510.57
1455.85
1685.92
1555.48
1586.22
1435.34
1273.45
1588.80
1758.56
1145.33
1632.61
1215.96
981.72
1682.62
1579.73
1881.36
866.76
1170.54
897.26
1067.81
1913.87
1285.23
1970.01
664.43
1354.00
1478.93
1225.63
1624.58
1817.77
1815.02
1584.73
1206.95
1295.34
1673.89
2119.83
448.34
1862.45
703.45
866.05
1716.13
981.72
1458.63
589.11
1839.67
1490.96
1979.83
1951.77
1215.96
1705.27
1513.04
1951.77
1605.84
1459.63
872.19
837.36
1623.81
1166.93
1649.04
1516.68
1342.39
2337.73
1572.91
1568.41
1502.02
1222.60
1745.09
1796.98
1828.37
570.99
981.72
1156.55
1662.92
1839.67
1666.18
1461.33
1815.02
1590.82
1449.26
1682.33
1796.98
1432.79
2065.16
981.72
1399.39
969.85
1649.49
1779.92
1690.82
671.06
1395.65
830.07
1273.45
1269.10
1192.88
540.97
1531.20
1353.87
1606.76
1171.68
636.51
1120.22
1674.09
589.11
564.16
1590.82
1810.37
1394.38
1745.18
1661.61
1810.37
1682.33
1661.61
1671.23
1264.53
1746.74
1635.50
1237.71
748.57
1152.99
1110.60
1501.10
482.65
1489.99
2098.07
1745.09
1411.95
1351.69
852.02
1716.13
2162.03
1459.63
1084.79
1872.44
1273.45
1353.77
1561.20
1567.43
972.58
1222.41
1839.67
1699.90
1862.45
1421.45
1637.65
1826.93
1603.60
1979.83
1682.62
1573.12
1676.79
1339.93
1916.37
1439.17
1608.55
1306.91
1531.20
1451.85
1522.45
874.99
640.56
1645.06
1619.00
1273.45
511.23
1113.16
1510.91
1190.16
625.15
667.98
1502.02
1665.23
1573.12
1459.63
1899.69
1894.85
2124.16
1208.82
1513.28
972.95
1261.41
847.33
1732.12
644.12
1600.42
1110.55
1555.48
1897.37
1365.21
1593.24
960.47
1522.45
1716.13
509.52
1453.25
1198.24
1447.39
1387.43
1588.80
667.98
1447.95
1487.93
204.58
686.54
1840.75
1502.02
866.07
1113.16
1826.93
667.85
594.93
1840.75
1659.50
1643.96
1737.86
1988.56
1295.34
1505.19
1292.77
1747.22
1556.70
1612.43
1623.81
2239.35
593.83
1716.13
1485.59
1505.19
1520.73
667.98
1248.46
1688.90
1459.63
813.95
1438.41
1827.18
1501.24
837.36
1465.72
1271.52
1630.66
1849.58
2030.59
546.04
234.20
564.16
631.81
1705.90
1897.19
1539.10
1608.60
1792.31
1643.68
1755.18
678.74
1793.36
1765.79
1603.89
1747.22
1889.90
1438.52
1809.29
1454.05
1116.56
1452.17
795.80
1630.66
1489.99
1718.76
1237.07
1455.85
331.74
1758.03
1438.41
1362.39
482.65
1063.46
1705.90
1558.12
1705.90
981.72
1809.83
1353.87
883.11
902.09
1225.63
929.16
636.51
1110.55
1776.48
1852.47
1515.54
648.53
1201.26
1145.33
1237.62
1787.41
1248.46
1639.55
1311.23
1468.19
1573.12
1862.13
807.48
1410.58
1829.06
1699.56
457.49
1988.56
1510.57
2143.74
1728.07
788.53
1222.60
664.43
1770.37
1685.92
751.58
924.65
1798.47
546.04
969.85
951.92
1632.10
1515.99
2248.12
992.40
1201.26
1058.50
1618.13
2015.18
658.14
1758.03
1361.30
1459.63
789.01
1579.73
1490.96
1930.24
2015.18
726.14
1637.65
1260.96
1839.05
1516.68
1628.60
1645.06
949.04
1145.33
1152.99
872.19
1452.17
1483.77
1688.90
1476.03
1384.78
1535.30
1190.16
1419.88
1492.64
1996.18
1017.64
1915.79
1572.91
1685.92
1531.20
1203.93
1523.26
1951.77
1615.13
831.96
1588.80
1434.71
2014.72
1779.92
1699.90
1721.56
1456.34
1539.47
1606.76
1883.49
1222.41
1561.63
813.95
1753.56
1915.79
384.77
1593.24
1828.37
2050.62
1459.63
1438.52
779.68
1097.95
1889.87
1170.54
1796.98
1202.46
1031.34
1561.20
1558.12
1410.58
1745.18
1366.61
221.23
990.84
1757.81
2090.54
1809.91
1632.61
1894.85
1338.30
1561.41
1649.49
1565.16
1412.13
1468.19
1449.26
1705.24
981.72
1351.69
1492.02
1208.82
1166.93
715.19
1771.80
1338.30
1490.96
962.14
1222.41
1437.95
1695.08
1152.99
1264.53
1699.94
883.11
1970.01
848.42
779.68
1710.72
966.26
1603.60
1970.01
1022.81
1745.09
1797.14
2030.59
657.80
572.73
872.19
1473.75
1705.90
609.73
1916.37
1829.06
1257.31
1586.22
483.34
731.28
1729.08
949.04
117.24
1338.30
1826.93
1663.58
1586.22
1970.01
1729.08
2030.76
1698.00
1456.34
1149.07
1643.96
866.07
1454.05
1462.01
1798.47
1225.63
1599.27
1144.41
1634.13
1560.78
1478.93
1483.06
1229.87
1798.38
1045.96
1761.68
2097.69
813.95
1842.10
128.91
1987.44
1394.55
1682.98
1710.72
1050.05
1705.90
1988.56
1682.33
1603.89
625.15
1522.45
1663.58
631.81
1438.52
1749.93
866.05
1752.72
1599.27
1366.61
234.20
1918.89
544.12
282.89
1394.38
913.29
1724.42
1871.76
1587.80
1897.37
1513.28
1468.19
1593.12
1058.50
830.07
1555.48
1273.45
1630.47
1485.59
1478.93
1639.12
1691.15
1510.57
718.71
1523.26
1499.68
1832.34
1237.62
640.56
1165.44
1396.28
1354.00
962.14
1624.87
1561.41
1579.73
780.15
1915.79
883.11
2024.20
1847.84
1536.60
1238.04
1522.60
913.29
1797.14
1366.61
969.85
1590.82
897.78
831.96
535.67
771.83
494.63
1763.16
1828.37
1579.73
1295.14
1189.47
667.85
1662.92
1745.18
1260.96
572.73
1671.23
1691.68
574.10
1360.76
764.24
897.78
1045.96
2030.76
872.19
355.57
1273.45
1987.44
1491.90
1842.10
1931.21
1269.10
1661.61
1931.21
1295.34
949.34
1116.62
1702.81
1276.06
1559.59
927.98
1505.19
2159.33
1603.60
1370.31
1979.83
1964.86
1434.42
1643.68
1718.76
1017.64
1881.36
1377.35
1144.41
1577.55
1718.71
1518.93
431.17
1562.23
781.82
897.78
150.34
1724.68
1745.09
1663.58
1193.72
1215.96
1658.97
1971.23
1600.42
1309.85
1423.86
682.22
1732.12
1878.06
916.02
1817.77
1273.45
1765.67
1797.14
1624.11
600.23
1203.93
1506.38
1819.41
1628.66
1216.36
1561.20
1416.98
1222.60
1875.72
1502.02
1794.57
1502.02
1085.40
1797.14
1513.28
1629.92
981.72
1642.15
1109.32
907.19
1459.63
1590.82
1515.99
1454.47
1776.48
1260.96
601.81
960.47
1718.71
1556.70
1703.20
1365.21
1292.77
1295.34
774.64
2030.76
1206.95
2024.20
1048.28
1671.23
678.74
1305.54
1229.87
1110.55
303.20
1765.67
1673.89
535.67
1120.10
2159.33
1858.36
1107.96
1787.57
1454.47
1638.66
1600.42
1494.23
2248.12
990.84
764.24
1921.68
1691.68
1558.12
1964.86
2239.35
1461.33
1761.68
1556.68
1423.86
1260.96
1193.72
1287.00
1628.60
1531.20
1997.52
1454.47
1588.80
1624.87
1691.15
1339.72
1798.38
1060.47
1423.86
1438.41
1628.60
2164.15
666.59
1190.16
1394.55
1899.69
1847.26
1222.60
2024.20
1649.04
1625.46
1827.44
837.36
831.96
1806.06
221.23
1842.24
1979.83
1987.44
1696.72
1516.68
1489.99
1523.26
1792.31
128.91
1565.16
1189.47
1228.94
1979.83
1265.57
1090.31
1451.85
1691.15
1682.62
1483.58
1624.11
1516.68
1803.97
738.92
1550.55
1116.31
1339.72
875.39
600.23
1013.78
1599.27
639.73
1628.66
883.11
1577.55
1849.58
1809.29
1478.31
1809.29
1523.26
1367.64
1568.41
1809.83
1171.68
500.92
1208.82
1699.90
1619.00
1776.48
1862.45
625.15
540.97
1724.42
1163.10
1732.12
1085.40
1819.41
1017.64
1565.16
1189.47
1203.93
1353.87
1573.12
1987.44
1313.95
2072.18
1491.90
1430.04
1761.68
1785.53
1931.21
1800.86
1642.15
1312.16
2162.03
1165.44
793.58
1577.01
1144.41
1542.40
844.90
1305.54
1396.28
1589.65
1635.50
1840.75
1062.52
1522.76
1588.80
574.10
1673.70
1557.20
1883.21
1897.19
636.51
589.11
1732.46
1900.18
1229.87
1732.20
686.54
1222.60
1386.33
748.57
2162.13
1374.91
1092.94
1915.79
1727.10
1489.99
972.95
1048.28
1437.95
1638.66
1740.85
1506.38
1643.96
1565.16
1170.54
1839.05
1674.09
1377.35
1916.37
402.81
1791.96
1429.72
1685.92
624.78
764.24
1759.33
1847.08
1110.00
1203.93
1603.89
1931.21
1765.67
1344.18
1765.67
1705.24
1144.41
1780.07
1580.95
1483.06
1396.28
1282.80
1133.45
1716.13
2337.73
1351.69
1847.84
2337.73
1843.97
1631.49
1603.60
715.19
992.40
1549.54
703.45
1494.23
1361.08
1852.47
969.85
1827.44
1742.34
1556.68
1746.74
1603.89
1913.87
448.34
891.90
715.19
1410.58
774.64
1839.47
1662.92
2248.12
1671.23
1394.38
1067.81
406.36
992.40
1556.70
1436.66
1605.84
1050.05
1166.93
1403.60
1311.23
1628.66
847.33
1048.28
1547.50
1578.97
2065.16
751.16
1261.41
522.58
755.30
1827.44
1377.35
1831.92
1561.20
1558.12
1454.47
1778.65
1875.72
1023.65
1872.81
1543.17
1558.12
960.47
1459.63
1757.81
437.40
1778.65
1839.05
1155.05
1531.20
1085.40
1796.98
1209.08
1356.46
1432.79
1557.20
715.19
1658.97
1632.10
1586.22
1183.16
907.19
1842.10
667.98
1721.56
2024.20
860.32
1500.09
1752.72
1432.75
693.36
1826.93
1208.82
1285.20
1394.55
1732.20
1154.77
1370.31
1970.01
1577.01
1251.14
1600.10
1351.69
1354.00
866.05
1639.55
1222.41
667.98
1110.00
1435.34
402.81
1674.09
500.92
1513.04
1228.94
1796.70
1649.49
1878.06
1458.63
1623.81
437.40
949.04
1827.44
1847.08
1208.82
1682.10
1881.36
1642.15
1514.40
1473.75
1208.82
1623.73
221.23
2239.35
1365.73
1166.93
779.68
726.14
1844.58
1361.08
1450.67
2024.20
1921.16
1356.46
1619.00
1557.27
966.26
1694.37
1661.61
1572.91
1351.69
1461.33
1837.25
1489.99
1745.09
935.38
830.07
1690.82
1716.13
1423.85
971.31
2248.12
1454.05
1496.46
1565.16
1483.77
1489.99
1209.08
1468.01
1295.34
1894.16
1220.35
1718.76
1755.18
1419.34
2143.74
1345.66
1454.05
1630.66
1556.68
1465.90
1063.46
1077.35
1661.61
1649.42
1809.29
1612.43
1273.45
788.53
1154.03
1152.99
1819.41
1624.01
1273.45
1740.85
1387.17
1710.72
1997.52
1758.03
1624.11
1611.66
1628.60
1228.94
500.92
1624.11
2159.33
1737.86
1871.76
2239.35
1800.86
1918.46
1157.87
981.72
1311.23
1796.70
1593.24
1605.84
1209.08
1629.92
1780.07
874.99
1798.38
1386.33
1970.01
2239.35
1295.34
703.45
1558.09
1839.47
1752.72
1649.04
788.53
1951.77
1807.42
1842.10
1412.13
1695.08
1987.44
221.23
564.16
1439.17
848.42
1306.91
1190.16
1755.05
1163.10
1260.96
1516.68
1206.95
1721.56
1590.82
1253.76
1209.08
1793.52
1565.16
1561.20
852.02
1970.01
1506.38
1531.20
1295.34
1489.99
1810.37
1394.38
990.84
540.97
799.12
1661.61
978.13
1458.63
1573.12
1539.10
2143.74
1847.08
1718.71
1611.66
1643.96
1458.63
1872.81
1487.93
1565.16
1740.85
1899.69
1573.12
1747.22
1661.61
1558.12
1747.22
897.26
1485.59
1995.87
1880.76
1573.12
1116.62
1696.65
1951.77
1490.96
1615.13
1632.61
1951.77
971.31
1649.49
667.98
1295.34
1556.68
718.71
1477.12
1640.78
1852.47
1749.93
1639.12
1201.26
1081.05
1371.86
1899.69
1720.21
1461.33
1807.67
1344.18
981.72
1780.07
1120.10
1612.43
1110.00
1519.98
1829.06
1918.89
1996.18
1489.99
897.78
1828.37
1168.72
1603.60
1353.87
1739.49
1338.30
972.95
1228.94
1785.53
1459.63
1593.12
1116.80
1663.39
1556.70
1785.47
1970.01
1827.44
544.12
1264.53
1145.33
1403.60
2162.13
718.71
1619.00
1977.89
1145.33
1295.34
1843.97
1728.07
1624.58
1553.21
499.26
755.30
1120.10
1588.80
631.81
1691.68
1567.43
1624.01
1513.28
1558.12
686.54
1603.60
1778.65
1944.89
1872.81
1873.94
1522.45
835.08
788.53
1419.34
1048.28
1353.87
1515.99
1478.31
972.58
1632.10
1953.03
628.40
1718.71
1166.93
897.26
1676.79
1295.34
1776.62
1776.48
1558.12
907.19
1434.71
1017.64
1231.67
1483.77
1067.81
1555.48
1632.42
1107.96
869.00
1455.85
1158.68
1797.14
1311.23
1273.45
1827.44
1454.05
742.25
1154.03
1522.45
738.92
624.78
564.16
568.17
1386.33
1745.09
715.19
1624.11
1510.57
1579.73
1587.80
1827.44
1930.24
802.95
1423.86
2248.12
1561.63
1780.07
1349.04
1516.68
1632.61
1345.66
1144.41
962.14
1642.15
1729.08
1437.95
1366.61
1653.69
807.48
1013.78
935.40
1698.00
966.26
1531.20
860.32
897.78
1423.86
969.85
851.24
290.36
1871.76
1005.67
837.36
1827.18
785.59
1996.18
1395.03
1586.22
2015.18
1412.13
830.07
1831.92
1807.42
1732.12
658.14
1005.67
788.53
1606.63
589.11
1718.76
1827.44
1459.63
1894.85
1084.79
1022.81
1739.49
1587.80
1943.24
1862.45
1494.23
1659.50
1710.98
752.69
1572.91
874.99
1759.97
857.42
303.94
949.04
1302.97
1761.68
1761.94
1063.46
1500.09
1265.57
874.99
1419.88
1661.61
1487.93
1635.50
1987.44
789.01
1580.95
956.61
1917.57
1170.54
1189.47
969.85
1996.18
1309.85
1285.20
1988.56
1603.60
1202.90
1727.10
1351.69
1487.93
1997.52
1796.98
1170.54
1489.99
1827.44
1779.92
1110.00
1915.79
1114.90
1580.95
1600.42
1815.02
1705.90
2162.13
1846.41
845.35
1489.99
1871.76
1585.02
949.04
640.56
1134.47
2159.33
1373.40
1475.40
1749.93
755.30
1682.10
1558.12
1810.37
500.92
1116.80
1710.53
1796.98
922.69
1145.33
1979.83
1718.71
1710.98
1632.10
784.52
500.92
1967.87
1483.06
1248.46
2143.74
1479.01
1749.93
1256.92
1556.70
1796.70
1776.48
1718.79
981.72
1663.58
1338.30
1351.69
1894.85
1483.06
1761.68
1306.91
1785.47
883.11
866.18
1164.20
1387.17
1755.05
1222.60
1918.89
1366.61
1423.86
1688.90
1281.64
1500.09
1144.41
1951.77
1883.21
1257.31
949.34
1107.96
1462.01
2239.35
737.28
1732.12
1487.93
2143.74
1454.05
1967.87
640.56
1608.55
1423.86
935.40
1688.90
1206.95
1048.28
1624.68
1228.94
1662.88
1577.01
1492.64
1649.04
1455.37
1557.20
1345.66
2239.35
1513.04
1281.64
1113.16
1206.95
1989.13
1642.15
1661.61
793.58
1459.34
1809.83
1661.61
1794.57
1988.56
830.45
1603.89
1770.91
1628.60
873.97
1852.47
601.81
1502.02
1605.84
1543.17
1171.54
703.45
969.85
1806.06
1110.55
1624.11
1761.68
1491.90
1796.98
1281.64
1988.56
1572.91
1682.10
1839.05
540.97
1285.20
1067.81
1757.81
1719.37
459.21
322.00
1317.33
1827.44
1944.89
1344.18
1732.20
1849.58
1154.77
1502.02
1847.84
1429.72
1607.34
1502.49
1202.46
1988.56
1456.34
1277.26
877.17
1761.68
1361.30
715.19
1215.96
1894.85
835.08
1502.49
1593.24
1344.17
1459.63
966.87
748.57
1721.56
1625.46
1295.14
1235.69
1970.01
1454.47
2079.14
678.74
1516.58
845.35
1168.72
1356.46
874.99
1180.63
1478.93
800.18
1915.79
1339.93
1273.45
1878.06
1349.04
1462.01
1625.53
1386.33
1179.09
1265.57
1466.95
1691.68
924.65
755.30
874.99
574.10
1899.69
1745.09
1346.14
1295.14
572.73
1017.64
1447.95
1399.39
1306.64
2239.35
1144.41
1346.14
1603.89
1778.65
1797.14
1699.90
1555.48
1438.52
1745.09
1865.67
1639.55
1635.50
1558.12
949.04
1676.79
1295.34
1084.79
1842.24
2030.76
1916.37
1190.16
1603.60
883.11
913.29
2015.18
1295.14
1555.48
572.73
1531.20
1977.89
795.80
1556.68
1665.23
1881.36
234.20
1265.57
1997.52
1967.87
636.02
1371.86
1542.40
1915.79
1798.47
2024.20
1371.86
1633.26
875.39
1453.25
960.47
830.07
1434.42
225.12
1996.18
640.56
658.14
1593.12
1285.20
2030.76
1120.10
1921.09
1889.90
949.04
1837.25
1623.81
2090.54
949.04
845.35
1593.24
1556.70
1556.68
666.59
1710.53
2197.33
1171.68
1366.61
683.10
1755.18
1809.83
1568.41
2159.33
1640.78
1515.99
448.34
1134.47
1796.98
1997.52
2098.07
1913.87
845.35
1624.11
1443.02
1988.56
1349.04
1346.14
1586.22
1827.44
764.24
1878.06
1408.25
1587.80
1765.79
1364.54
1375.88
1467.52
1951.77
703.45
1017.64
1980.99
1796.98
290.36
1539.10
1473.75
1513.04
1765.79
1753.84
446.94
969.85
1575.52
1632.42
1559.59
785.59
1483.48
847.33
1499.24
1367.64
1649.42
1810.94
1673.70
788.53
1661.61
1628.66
1215.96
1342.39
1889.87
1823.47
1661.61
1837.11
631.81
1951.77
1559.59
1897.37
1989.13
1110.00
1394.38
1560.78
1237.07
1665.23
1716.13
1828.37
1630.47
1663.58
1862.45
682.22
1516.68
715.19
1690.82
1510.57
1695.08
1372.83
731.28
1346.14
1306.91
1475.40
1516.68
1872.44
1839.47
1389.11
2119.83
866.18
1588.80
907.19
1608.55
1267.98
1109.32
1590.82
1492.64
1183.74
594.93
1458.63
1449.26
1449.26
1718.79
1658.97
1499.68
1718.79
1823.47
1473.75
1584.73
1392.10
1189.47
1399.39
1996.18
866.05
960.47
1840.75
779.66
1705.90
1661.61
1459.63
1353.87
1779.08
1475.40
1889.71
1872.44
799.12
1777.72
1222.41
799.12
1179.09
1180.63
1755.05
1828.37
1489.99
1476.03
1685.92
255.57
1599.27
1216.36
924.90
1721.56
993.55
805.12
1718.71
962.14
1408.25
1793.07
755.30
1462.01
640.56
949.04
1573.12
1803.97
1154.77
1586.22
1577.01
1202.46
1839.47
1732.46
1580.95
1640.78
1450.67
1430.04
799.12
1710.72
1897.37
703.45
883.11
879.65
1649.04
1843.97
1189.47
1967.87
1225.63
1189.47
1894.85
1312.16
1951.77
830.07
1386.33
1584.73
949.04
1776.48
1282.80
1149.07
1759.97
1157.87
1017.64
1719.37
1995.87
1558.12
1699.90
1192.88
1109.32
1309.85
1611.66
1285.20
1951.77
1705.27
1353.87
1228.94
866.18
1745.09
1827.44
1256.92
1458.63
1819.41
2239.35
751.58
1817.77
1780.07
905.79
282.89
1487.93
1361.30
1339.93
1022.81
789.01
1556.70
1721.56
1443.96
1918.46
1579.73
1435.34
935.38
1624.01
1030.41
1222.60
877.17
969.85
1081.05
764.24
897.26
1809.83
2159.33
1810.37
2013.21
1209.08
1603.60
1703.02
1229.87
1373.40
1862.45
1279.31
1556.70
1696.65
2248.12
1514.40
1386.33
1500.09
2024.20
971.31
837.36
1411.95
1588.80
935.38
1077.35
1114.90
1110.00
1871.76
1423.86
1305.54
1792.31
1625.53
1586.22
303.94
437.40
1987.39
1685.92
971.31
1897.37
990.84
924.90
779.66
1590.82
1209.08
1997.52
718.30
1419.34
1423.86
764.24
1989.13
1171.68
594.93
1639.55
1796.98
1691.15
1273.45
1872.81
1661.61
764.24
1897.37
2159.33
1456.34
2132.85
1114.90
2162.13
1251.14
1694.37
873.97
1522.45
874.99
1189.47
669.85
1434.71
1309.85
1624.01
686.54
788.53
1549.54
1215.96
1987.39
1847.84
1624.11
779.08
1215.96
927.98
695.66
1628.60
866.18
1522.45
1394.38
1423.86
1429.72
1666.18
1013.78
949.04
1883.49
1342.39
2000.42
628.40
905.79
1752.18
897.26
1394.38
1685.92
1573.12
1353.87
150.34
1889.87
1394.38
1840.75
1324.64
1557.20
1394.38
1951.77
1810.37
1662.88
1580.95
1780.65
813.95
1842.10
1577.55
1443.96
1878.06
1872.44
1434.71
1344.18
1839.05
1770.91
1229.87
1796.70
1339.93
1166.93
845.35
1305.54
1951.77
1116.56
922.69
1705.27
883.11
1558.12
1394.38
1208.82
1603.89
1510.91
1637.65
1237.62
1653.69
1516.68
1208.82
1120.22
1630.47
1561.20
1623.81
1202.69
1309.85
847.33
1844.58
1346.14
1703.02
1154.77
2097.69
1807.42
1248.46
1968.40
1220.35
1779.08
1454.47
1366.61
1377.35
1593.12
1377.35
600.23
1559.59
1531.20
969.85
2097.69
1281.64
2015.18
1133.45
1434.71
1048.28
1883.21
1490.96
1980.99
1565.16
1419.34
1881.36
866.05
1606.76
883.11
1447.25
1067.81
1248.46
1206.95
1987.39
1701.23
1557.20
1260.96
1203.93
1553.21
2337.73
1732.12
636.51
1229.87
1109.32
1548.87
1531.20
1624.01
1676.48
1522.45
150.34
1632.42
1755.18
1364.54
1691.68
897.78
1871.27
1809.91
1295.14
570.71
2239.35
1113.16
1587.21
1645.06
1456.34
2159.33
1250.66
1827.44
1728.07
500.92
1338.30
150.34
1852.24
949.04
962.14
1989.13
1871.76
874.99
1500.09
1580.95
1804.68
1872.44
204.58
1638.66
1222.60
1885.87
1261.41
2143.74
2030.76
1894.85
1485.05
1649.49
1220.35
1437.95
594.93
1640.78
1632.42
992.40
927.98
1676.79
1412.13
1721.56
255.57
1691.38
1643.96
897.26
1202.46
788.62
1497.46
1058.50
1179.09
1193.72
1107.96
1560.78
1585.02
1146.78
1292.93
1612.43
1281.64
1603.89
1361.30
1710.98
1862.13
927.98
1216.36
1110.55
1638.66
837.36
752.69
1408.25
695.66
902.09
1516.68
628.40
2000.42
1045.96
1894.85
511.23
1201.26
1339.93
875.39
1394.38
1394.38
1395.03
1931.21
695.66
1311.23
1449.26
1682.62
636.51
1434.42
1403.60
913.29
2015.18
1798.38
418.17
1342.39
1312.16
1632.61
1568.41
1372.83
322.00
686.54
1995.87
1090.35
2279.82
1033.44
866.76
1951.77
1215.96
1490.96
1048.28
1558.12
1513.04
1408.25
1273.45
850.57
1434.42
1386.33
1447.39
1479.01
845.35
1421.07
960.47
1295.34
1364.54
1732.46
2000.39
1586.22
1261.41
1953.03
935.40
1705.27
1164.20
1662.92
1033.44
1202.90
1638.66
1682.10
1837.11
866.18
1257.31
2030.76
1694.37
2098.07
1225.63
1979.83
1831.92
2014.72
1624.11
1557.94
1588.80
1878.06
1536.60
1171.54
1438.41
1468.19
1372.31
789.01
1168.72
1761.94
1416.98
1351.69
1752.72
1809.83
1557.20
950.24
1588.80
1842.24
359.10
1454.05
1264.53
1572.91
1682.33
1084.79
1656.28
789.01
482.65
1264.53
1780.65
1980.99
1776.48
1798.47
1377.35
1915.79
1721.56
1862.45
978.13
1755.18
648.53
966.87
1110.60
1459.63
1063.46
1624.11
1164.20
1588.80
1605.84
1649.49
1421.07
1434.42
1649.04
1346.14
1567.43
1881.36
1556.70
866.05
1311.23
1690.82
1269.10
1271.52
891.90
872.19
1625.53
1705.90
1164.20
830.45
1145.33
1710.53
1456.34
1339.93
935.38
1883.49
1513.28
1624.11
1600.10
1465.90
1238.04
779.66
1516.68
874.99
972.58
1785.47
1970.01
1273.45
1970.01
874.99
1155.05
1058.50
978.13
935.38
1256.92
1603.89
1510.57
992.40
1501.10
1753.84
1515.54
1416.98
1658.97
1558.12
1987.44
1171.54
788.53
1361.30
1827.44
1281.64
1250.66
1705.27
1171.68
500.92
1555.48
1635.50
802.95
1238.04
1189.47
897.78
1593.24
1560.78
1256.92
1154.77
1556.70
1611.66
1729.08
1807.42
1453.25
1449.26
1761.68
1755.05
1615.13
1840.75
1788.75
1605.84
1666.18
1113.16
1487.93
1120.10
1250.66
1747.22
1305.54
1114.90
1714.80
718.71
1803.97
1192.88
1154.77
1019.85
1951.77
1561.41
1522.76
1603.60
1411.95
1682.33
751.16
1394.55
924.65
1467.52
1645.06
1045.96
1478.11
1476.03
1013.78
1220.35
874.99
1490.96
1761.94
990.84
1110.00
683.10
1573.12
543.56
1058.50
1031.34
1386.33
1558.12
1987.39
2030.76
1354.00
2159.33
564.16
1045.96
1979.83
1676.48
1317.33
1365.73
1489.99
1144.41
1944.88
1696.86
1116.80
2214.64
2239.35
2065.16
1611.66
1539.77
851.24
1483.77
1215.84
1515.99
1491.90
972.58
543.18
1951.77
1516.68
905.79
1465.72
1593.24
1238.04
1593.24
1881.36
1116.62
799.12
1155.05
1718.76
683.10
764.24
570.99
1960.92
1649.04
1403.48
1897.37
1311.23
1752.72
1580.95
1388.05
1630.47
1951.77
1558.12
1171.54
1623.73
949.04
718.71
1539.00
1634.04
1351.69
1556.78
860.32
1714.80
1831.92
2098.07
1987.44
1632.10
1643.96
1438.41
2162.13
1749.93
1237.62
850.57
686.54
1755.05
1152.99
1632.10
1682.98
1468.19
1203.93
1447.95
1429.72
1388.05
794.70
1261.41
1720.21
795.80
1556.70
1023.65
1691.15
1518.93
1163.10
802.96
1473.75
1371.86
1462.01
1461.33
1276.06
1827.44
1171.54
1419.34
1317.33
1839.05
1154.77
1809.83
1579.73
1478.31
594.93
682.22
1843.97
1203.93
966.87
1542.40
866.76
1603.60
1839.05
1600.42
1852.24
2098.07
1542.40
2013.21
1902.37
1306.64
1324.64
1531.20
1666.52
1237.62
1164.20
1515.99
1361.30
1163.10
1682.33
1691.15
1238.04
1573.12
1718.71
731.28
564.16
1685.92
1477.12
1468.46
1810.37
1637.65
1202.90
966.26
1599.27
1346.14
1116.62
1897.37
1419.48
1883.49
1473.75
1688.90
1152.99
1523.26
1739.49
1759.97
2248.12
1058.50
624.78
1373.40
1406.95
897.78
751.58
1694.37
1251.14
1921.16
1033.44
1792.88
1900.18
1831.92
874.99
1523.26
1685.92
960.47
715.19
666.59
1202.90
1815.02
1632.10
648.53
1171.54
1585.02
1649.04
1603.89
1889.90
1997.52
1944.62
1523.26
1956.89
972.58
1110.55
290.36
1643.96
1491.90
1264.53
1515.99
1600.42
2090.54
1839.47
1755.18
1502.49
1439.17
1468.19
1565.16
2030.76
1951.77
1454.05
794.70
1662.92
877.17
1396.28
1434.42
1465.90
1852.47
1306.64
1085.40
1285.23
540.97
1535.30
1638.66
1671.23
1500.09
1206.95
1396.28
1394.38
1077.35
522.58
1548.87
695.66
1619.00
1085.40
2030.59
962.14
1840.75
1740.85
1555.48
1682.10
1809.29
1271.52
1803.97
647.00
1269.10
2097.69
901.36
1306.64
1561.20
1502.02
568.17
1485.05
1485.40
1389.11
1889.71
1944.88
225.12
1510.91
572.73
1553.21
1421.07
1674.09
1435.34
1779.08
1996.18
540.97
128.91
1365.21
1114.90
1120.10
1077.12
883.11
1796.98
913.29
1718.79
1522.45
830.07
883.11
1295.34
1673.70
1827.44
845.35
1611.66
1588.80
1183.74
667.85
794.70
1557.20
1149.07
993.55
1479.01
837.36
1605.84
647.00
1225.63
1785.53
1556.68
1862.45
1639.12
1578.97
956.61
1653.69
788.62
1608.55
1396.28
1673.70
1285.20
1144.41
1459.63
1562.23
1603.89
1478.93
1847.84
1758.56
1977.89
802.95
1737.86
1344.71
1483.06
1951.77
1705.27
1645.06
866.07
1168.72
1235.69
1788.75
1483.06
902.09
1726.51
764.64
1553.21
1663.39
1989.13
1222.41
1022.81
835.08
1500.09
2143.74
949.04
1716.13
1608.55
1206.95
601.81
1645.06
862.61
1468.19
589.11
1120.22
1113.16
1389.11
1964.86
1995.87
873.97
1603.60
718.30
683.10
1550.55
1276.06
718.71
1577.55
1807.67
1165.44
1543.17
1267.98
1353.87
1451.85
1491.90
1190.16
1276.06
1408.25
457.49
589.11
1572.91
1209.08
1171.68
1237.62
1366.61
1167.78
852.02
1915.79
781.82
847.33
1429.72
1565.16
1612.43
1152.99
1548.87
1662.92
1556.70
1523.26
1931.21
1388.05
1705.27
1791.69
1022.81
1761.68
1610.25
1878.06
1374.91
969.85
1729.08
1353.87
1715.29
1953.03
1827.18
1778.65
1558.12
1190.16
1624.11
1645.06
1215.96
1500.28
879.65
1705.27
1899.69
1881.36
1996.18
1360.76
866.05
1466.95
1800.86
1688.90
1745.18
625.15
1388.05
540.97
1827.44
2030.76
1585.02
1623.73
1017.64
949.04
1705.24
1413.52
1394.38
1467.52
1324.64
1842.24
1611.66
764.24
1228.94
1676.79
1338.30
1394.38
1539.00
1649.42
1005.67
875.39
448.34
1745.09
913.29
1690.82
1732.20
1542.40
1632.42
1894.85
873.97
1339.93
1459.63
1372.31
1157.87
755.30
1815.02
1559.59
1435.34
464.68
1189.47
1513.28
1557.20
897.26
1776.48
929.16
686.54
1531.20
1273.45
1727.10
446.94
1206.95
902.09
2014.72
1977.89
1372.83
1050.05
625.15
1600.42
1573.12
1755.18
380.88
1755.18
1753.56
1643.68
1548.87
1761.94
924.65
667.98
1823.47
1770.37
1580.95
1412.13
1206.95
1416.33
1154.77
917.79
2015.18
916.02
1388.05
1419.88
1017.64
1222.60
1588.80
1894.16
1292.77
535.67
1515.54
927.98
1673.70
1515.99
1366.61
1796.70
1515.54
1661.61
1953.03
1628.66
1017.64
1384.78
2143.74
1164.20
1557.20
1639.55
935.38
1273.45
1395.03
857.42
1588.80
764.64
1444.13
1154.77
1144.41
1624.01
726.14
1309.85
1951.77
738.92
2239.35
874.99
1155.05
981.72
1628.60
1798.38
1281.64
1561.20
1144.41
1154.77
813.95
1724.42
1267.98
1918.89
1682.62
1710.72
1202.69
1462.01
1487.93
1815.02
1251.14
1447.39
1676.79
667.98
1921.09
1897.87
1915.79
1803.97
1865.67
1110.60
1666.18
282.89
1394.55
1222.60
1372.83
880.41
2143.74
1389.11
1410.58
907.19
1987.39
1045.96
158.35
564.16
924.90
1873.19
2065.16
1749.93
1705.27
1776.48
1273.45
1676.48
935.38
1243.10
1468.19
703.45
695.66
1739.49
1154.77
748.57
1443.02
1710.72
1157.87
1698.00
1870.43
1295.14
1951.77
1674.09
1491.90
1682.98
1439.17
1261.41
737.28
1045.96
500.92
1619.00
1590.82
1831.92
1522.45
1110.00
1339.93
1285.20
589.11
1579.73
1827.44
1483.33
1833.27
1483.77
1353.87
2014.72
844.90
1396.28
764.24
1918.46
1264.53
1154.77
1110.55
1718.79
1977.89
1608.55
1179.09
483.34
2090.54
981.72
1531.20
1630.47
1257.31
1452.17
1447.39
1516.43
1192.88
848.89
1997.52
1638.66
726.14
1720.21
1354.00
1579.73
543.56
1752.72
1573.12
464.68
1208.82
1458.63
303.94
1500.28
1190.16
1394.55
1710.72
1483.58
1639.55
1745.18
2162.13
482.65
1638.66
648.53
1635.50
1419.48
1113.16
1879.09
1351.69
1710.98
1531.20
1412.13
1875.72
1235.69
1777.72
1365.73
1371.86
1220.35
1694.37
384.77
1081.05
901.36
879.65
1705.90
875.39
1033.44
2013.21
1522.60
1225.63
221.23
1295.34
1119.17
962.14
1163.10
788.62
1682.10
1707.38
1988.56
1434.42
1918.46
703.45
1676.48
2098.07
1559.59
1587.21
2162.03
1295.34
1603.89
1447.95
1328.85
1899.69
1803.97
1510.91
1154.77
1662.92
695.66
1523.26
913.29
1915.79
1459.63
1183.74
1676.48
1573.12
2097.69
1605.84
150.34
1542.40
1710.72
1277.26
969.85
1429.72
1584.73
1412.13
947.72
2050.62
1671.23
1577.01
2014.72
1847.84
1579.73
1367.64
1634.13
1539.10
1388.05
448.34
1605.84
1788.75
784.52
1062.52
1759.97
704.94
594.93
664.43
1916.37
1416.98
